10 12.00
11 14.00
12 16.00
13 18.00
14 18.00
15 18.00
16 19.00
17 21.00
18 22.00
19 24.00
20 24.00
21 26.00
22 26.00
23 26.00
24 30.00
25 32.00
26 32.00
27 32.00
28 32.00
29 34.00
30 36.00
31 38.00
32 38.00
33 38.00
34 38.00
35 38.00
36 43.00
37 45.00
38 45.00
39 45.00
40 46.00
41 48.00
42 48.00
43 50.00
44 50.00
45 50.00
46 51.00
47 51.00
48 56.00
49 58.00
50 58.00
51 58.00
52 58.00
53 58.00
54 60.00
55 62.00
56 62.00
57 64.00
58 64.00
59 64.00
60 70.00
61 72.00
62 72.00
63 72.00
64 72.00
65 72.00
66 72.00
67 74.00
68 74.00
69 74.00
70 76.00
71 78.00
72 82.00
73 84.00
74 84.00
75 84.00
76 84.00
77 84.00
78 84.00
79 86.00
80 88.00
81 90.00
82 90.00
83 90.00
84 94.00
85 96.00
86 96.00
87 96.00
88 96.00
89 96.00
90 100.00
91 102.00
92 102.00
93 102.00
94 102.00
95 102.00
96 106.00
97 108.00
98 108.00
99 108.00
100 108.00
