10 5.00
11 5.00
12 5.00
13 6.00
14 6.00
15 6.00
16 6.00
17 6.00
18 6.00
19 6.00
20 6.00
21 7.00
22 7.00
23 7.00
24 7.00
25 7.00
26 7.00
27 7.00
28 7.00
29 7.00
30 7.00
31 7.00
32 7.00
33 7.00
34 8.00
35 8.00
36 8.00
37 8.00
38 8.00
39 8.00
40 8.00
41 8.00
42 8.00
43 8.00
44 8.00
45 8.00
46 8.00
47 8.00
48 8.00
49 8.00
50 8.00
51 8.00
52 8.00
53 8.00
54 8.00
55 9.00
56 9.00
57 9.00
58 9.00
59 9.00
60 9.00
61 9.00
62 9.00
63 9.00
64 9.00
65 9.00
66 9.00
67 9.00
68 9.00
69 9.00
70 9.00
71 9.00
72 9.00
73 9.00
74 9.00
75 9.00
76 9.00
77 9.00
78 9.00
79 9.00
80 9.00
81 9.00
82 9.00
83 9.00
84 9.00
85 9.00
86 9.00
87 9.00
88 9.00
89 10.00
90 10.00
91 10.00
92 10.00
93 10.00
94 10.00
95 10.00
96 10.00
97 10.00
98 10.00
99 10.00
100 10.00
